1717513691
1717513691
1717513691
1717513691
1717513691
1717513691
1717513691
1717513691
1717513691
1717513691
1717513691
1717513691
1717513691
1717513691
1717513691
1717513691
1717513691
1717513691
1717513691
1717513691
1717513691
1717513691
1717513691
1717513691
1717513691
1717513691
1717513691
1717513691
1717513691
1717513691
1717513691
1717513691
1717513691
1717513691
1717513691
1717513691
1717513691
1717513691
1717513691
1717513691
1717513691
1717513691
1717513691
1717513691
1717513691
1717513691
1717513691
1717513691
1717513691
1717513691
1717513691
1717513691
1717513691
1717513691
1717513691
1717513691
1717513691
1717513691
1717513691
1717513691
1717513691
1717513691
1717513691
1717513691
1717513691
1717513691
1717513691
1717513691
1717513691
1717513691
1717513691
1717513691
1717513691
1717513691
1717513691
1717513692
1717513692
1717513692
1717513692
1717513692
1717513692
1717513692
1717513692
1717513692
1717513692
1717513692
1717513692
1717513692
1717513692
1717513692
1717513692
1717513692
1717513692
1717513692
1717513692
1717513692
1717513692
1717513693
1717513693
1717513693
1717513694
1717513707
1717513707
1717513707
1717513707
1717513707
1717513707
1717513707
1717513707
1717513707
1717513707
1717513707
1717513707
1717513707
1717513707
1717513707
1717513707
1717513707
1717513707
1717513707
1717513707
1717513707
1717513707
1717513707
1717513707
1717513707
1717513707
1717513707
1717513707
1717513707
1717513707
1717513707
1717513707
1717513707
1717513707
1717513707
1717513707
1717513707
1717513707
1717513707
1717513707
1717513707
1717513707
1717513707
1717513707
1717513707
1717513707
1717513707
1717513707
1717513707
1717513707
1717513707
1717513707
1717513707
1717513707
1717513707
1717513707
1717513707
1717513707
1717513708
1717513708
1717513708
1717513708
1717513708
1717513708
1717513708
1717513708
1717513708
1717513708
1717513708
1717513708
1717513708
1717513708
1717513708
1717513708
1717513708
1717513708
1717513708
1717513708
1717513708
1717513708
1717513708
1717513708
1717513708
1717513708
1717513708
1717513708
1717513708
1717513708
1717513708
1717513708
1717513708
1717513708
1717513708
1717513708
1717513708
1717513708
1717513708
1717513708
1717513708
1717513708
1717513708
1717513708
1717513708
1717513708
1717513708
1717513708
1717513708
1717513708
1717513708
1717513708
1717513708
1717513708
1717513708
1717513708
1717513708
1717513708
1717513708
1717513708
1717513708
1717513708
1717513708
1717513708
1717513708
1717513708
1717513708
1717513708
1717513708
1717513708
1717513708
1717513708
1717513708
1717513708
1717513708
1717513708
1717513708
1717513708
1717513708
1717513708
1717513708
1717513708
1717513708
1717513708
1717513708
1717513709
1717513709
1717513709
1717513709
1717513709
1717513709
1717513709
1717513709
1717513709
1717513709
1717513709
1717513709
1717513709
1717513709
1717513709
1717513709
1717513709
1717513709
1717513709
1717513709
1717513709
1717513709
1717513709
1717513709
1717513709
1717513709
1717513709
1717513709
1717513709
1717513709
1717513709
1717513709
1717513709
1717513709
1717513709
1717513711
1717623277
1717623277
1717623277
1717623277
1717623277
1717623277
1717623277
1717623277
1717623277
1717623277
1717623277
1717623277
1717623277
1717623277
1717623280
1717623329
1717623329
1717623329
1717623329
1717623329
1717623329
1717623329
1717623329
1717623329
1717623329
1717623329
1717623329
1717623329
1717623329
1717623329
1717623631
1717623631
1717623631
1717623631
1717623631
1717623631
1717623631
1717623631
1717623631
1717623631
1717623631
1717623631
1717623631
1717623631
1717623631
1717623793
1717623793
1717623793
1717623793
1717623793
1717623793
1717623793
1717623793
1717623793
1717623793
1717623793
1717623793
1717623793
1717623793
1717623793
1717624013
1717624013
1717624013
1717624013
1717624013
1717624013
1717624013
1717624013
1717624013
1717624013
1717624013
1717624013
1717624013
1717624013
1717624013
1717624572
1717624574
1717624575
1717624575
1717624575
1717624576
1717624577
1717624577
1717624577
1717624581
1717624754
1717624754
1717624754
1717624754
1717624754
1717624754
1717624754
1717624754
1717624754
1717624754
1717624754
1717624754
1717624754
1717624754
1717624754
1717624930
1717625144
1717625145
1717625148
1717625148
1717625192
1717625192
1717625193
1717625194
1717625197
1717625429
1717625705
1717625705
1717625705
1717625706
1717625708
1717625709
1717625709
1717625711
1717625712
1717625902
1717625902
1717625902
1717625902
1717625902
1717625902
1717625902
1717625902
1717625902
1717625902
1717625902
1717625902
1717625902
1717625902
1717625902
1717626393
1717626394
1717626395
1717626396
1717626397
1717626397
1717626399
1717626401
1717626402
1717626403
1717626462
1717626823
1717626824
1717626825
1717626827
1718735538
1718735538
1718735538
1718735538
1718735538
1718735538
1718735538
1718735538
1718735538
1718735538
1718735538
1718735538
1718735538
1718735538
1718735538
1718735538
1718735538
1718735538
1718735538
1718735538
1718735538
1718735538
1718735538
1718735538
1718735538
1718735538
1718735538
1718735538
1718735538
1718735538
1718735538
1718735538
1718735538
1718735538
1718735538
1718735538
1718735538
1718735538
1718735538
1718735538
1718735538
1718735538
1718735538
1718735538
1718735538
1718735538
1718735538
1718735538
1718735538
1718735538
1718735539
1718735539
1718735539
1718735540
1718735540
1718735540
1718735540
1718735541
1718735541
1718735541
1718735541
1718735541
1718735542
1718735542
1718735542
1718735543
1718735545
1718735545
1718735545
1718735545
1718735586
1718735586
1718735586
1718735586
1718735586
1718735586
1718735586
1718735586
1718735586
1718735586
1718735586
1718735586
1718735587
1718735587
1718735587
1718735587
1718735587
1718735587
1718735587
1718735587
1718735599
1718735599
1718735599
1718735599
1718735599
1718735599
1718735599
1718735599
1718735604
1718735605
1718735605
1718735605
1718735605
1718735610
1718735610
1718735610
1718735610
1718735612
1718735612
1718735612
1718735612
1718735613
1718735613
1718735613
1718735613
1718735614
1718735614
1718735614
1718735614
1718735618
1718735635
1718735635
1718735635
1718735635
1718735649
1718735649
1718735649
1718735649
1718735666
1718735670
1718735670
1718735670
1718735670
1718735671
1718735671
1718735671
1718735671
1718735671
1718735671
1718735671
1718735671
1718735671
1718735671
1718735671
1718735671
1718735672
1718735676
1718735676
1718735676
1718735676
1718809676
1718809676
1718809676
1718809676
1718809676
1718809676
1718809676
1718809676
1718809676
1718809676
1718809676
1718809676
1718809676
1718809676
1718809676
1718809676
1718809676
1718809676
1718809676
1718809676
1718809676
1718809676
1718809676
1718809676
1718809676
1718809676
1718809676
1718809676
1718809676
1718809676
1718809676
1718809676
1718809676
1718809676
1718809676
1718809677
1718809677
1718809679
1718809679
1718809679
1718809680
1718809680
1718809680
1718809680
1718809680
1718809680
1718809680
1718809681
1718809681
1718809681
1719252248
1719252248
1719252248
1719252248
1719252248
1719252248
1719252248
1719252248
1719252248
1719252248
1719252250
1719252251
1719252491
1719252491
1719252491
1719252491
1719252491
1719252491
1719252491
1719252491
1719252491
1719252491
1719252491
1719252491
1719252491
1719252491
1719252491
1719252591
1719252591
1719252591
1719252591
1719252591
1719252591
1719252591
1719252591
1719252591
1719252591
1719252591
1719252591
1719252591
1719252591
1719252591
1719252712
1719252712
1719252712
1719252712
1719252712
1719252712
1719252712
1719252712
1719252712
1719252712
1719252712
1719252712
1719252712
1719252712
1719252712
1719252847
1719252847
1719252847
1719252847
1719252847
1719252847
1719252847
1719252847
1719252847
1719252847
1719252847
1719252847
1719252847
1719252847
1719252847
1719252984
1719252984
1719252984
1719252984
1719252984
1719252984
1719252984
1719252984
1719252984
1719252984
1719252984
1719252984
1719252984
1719252984
1719252986
1719253535
1719253535
1719253535
1719253535
1719253535
1719253535
1719253535
1719253535
1719253535
1719253535
1719253535
1719253535
1719253535
1719253535
1719253535
1719253537
1719253538
1719253538
1719253541
1719253541
1719253542
1719253542
1719253544
1719253544
1719253545
1719253964
1719253964
1719253964
1719253964
1719253964
1719253964
1719253964
1719253964
1719253964
1719253964
1719253964
1719253964
1719253964
1719253964
1719253964
1719254048
1719254048
1719254048
1719254048
1719254048
1719254048
1719254048
1719254048
1719254048
1719254048
1719254048
1719254048
1719254048
1719254048
1719254052
1719254096
1719254097
1719254247
1719254247
1719254247
1719254247
1719254247
1719254247
1719254247
1719254247
1719254247
1719254247
1719254247
1719254247
1719254247
1719254247
1719254251
1719254339
1719254339
1719254339
1719254340
1719254341
1719254342
1719254343
1719254344
1719254498
1719254518
1719254518
1719254518
1719254518
1719254518
1719254518
1719254518
1719254518
1719254518
1719254518
1719254518
1719254518
1719254518
1719254518
1719254518
1719254758
1719254758
1719254758
1719254761
1719254761
1719254761
1719254761
1719254761
1719254761
1719254761
1719254761
1719254761
1719254761
1719254761
1719254761
1719254761
1719254761
1719254761
1719254761
1719254762
1719254765
1719254859
1719254862
1719254865
1719254893
1719254893
1719254893
1719254893
1719254893
1719254893
1719254893
1719254893
1719254893
1719254893
1719254893
1719254893
1719254893
1719254893
1719254894
1719255088
1719255088
1719255088
1719255088
1719255088
1719255088
1719255088
1719255088
1719255088
1719255088
1719255088
1719255088
1719255088
1719255088
1719255091
1719255275
1719255275
1719255276
1719255276
1719255276
1719255278
1719255280
1719255281
1719255281
1719255283
1719255315
1719255315
1719255315
1719255315
1719255315
1719255315
1719255315
1719255315
1719255315
1719255315
1719255315
1719255315
1719255315
1719255315
1719255315
1719255368
1719255368
1719255368
1719255368
1719255368
1719255368
1719255368
1719255368
1719255368
1719255368
1719255368
1719255368
1719255368
1719255368
1719255368
1719255379
1719255439
1719255439
1719255439
1719255439
1719255439
1719255439
1719255439
1719255439
1719255439
1719255439
1719255439
1719255439
1719255439
1719255439
1719255440
1719255575
1719255575
1719255575
1719255575
1719255575
1719255575
1719255575
1719255575
1719255575
1719255575
1719255575
1719255575
1719255575
1719255575
1719255575
1719255743
1719255815
1719255815
1719255815
1719255815
1719255815
1719255815
1719255815
1719255815
1719255815
1719255815
1719255815
1719255815
1719255815
1719255815
1719255815
1719255851
1719255853
1719255855
1719255855
1719255856
1719255856
1719255857
1719255877
1719255900
1719255910
1719255910
1719255910
1719255910
1719255910
1719255910
1719255910
1719255910
1719255910
1719255910
1719255910
1719255910
1719255910
1719255910
1719255913
1719256031
1719256031
1719256031
1719256031
1719256031
1719256031
1719256031
1719256031
1719256031
1719256031
1719256031
1719256031
1719256031
1719256031
1719256031
1719256075
1719256075
1719256075
1719256075
1719256075
1719256075
1719256075
1719256075
1719256075
1719256075
1719256075
1719256075
1719256075
1719256075
1719256075
1719256087
1719256087
1719256087
1719256087
1719256087
1719256087
1719256087
1719256087
1719256087
1719256087
1719256087
1719256087
1719256087
1719256087
1719256090
1719256091
1719256091
1719256091
1719256091
1719256091
1719256091
1719256091
1719256091
1719256091
1719256091
1719256091
1719256091
1719256091
1719256091
1719256091
1719256169
1719256169
1719256169
1719256169
1719256169
1719256169
1719256169
1719256169
1719256169
1719256169
1719256169
1719256169
1719256169
1719256169
1719256169
1719256193
1719256193
1719256193
1719256193
1719256193
1719256194
1719256194
1719256194
1719256194
1719256194
1719256194
1719256194
1719256194
1719256194
1719256194
1719256240
1719256240
1719256240
1719256240
1719256240
1719256240
1719256240
1719256240
1719256240
1719256240
1719256240
1719256240
1719256240
1719256240
1719256240
1719256283
1719256283
1719256283
1719256283
1719256283
1719256283
1719256283
1719256283
1719256283
1719256283
1719256283
1719256283
1719256283
1719256284
1719256284
1719256293
1719256294
1719256296
1719256297
1719256297
1719256299
1719256331
1719256331
1719256331
1719256331
1719256331
1719256331
1719256331
1719256331
1719256331
1719256331
1719256331
1719256331
1719256331
1719256331
1719256331
1719256465
1719256465
1719256465
1719256465
1719256465
1719256465
1719256465
1719256465
1719256465
1719256465
1719256465
1719256465
1719256465
1719256465
1719256467
1719256491
1719256494
1719256501
1719256501
1719256501
1719256501
1719256501
1719256501
1719256501
1719256501
1719256501
1719256501
1719256501
1719256501
1719256501
1719256501
1719256501
1719256502
1719256724
1719256724
1719256725
1719256725
1719256726
1719256726
1719256727
1719256727
1719256728
1719256732
1719256856
1719256939
1719256939
1719256940
1719256942
1719256942
1719256942
1719256943
1719256943
1719256944
1719256948
1719257071
1719257119
1719257121
1719257129
1719257203
1719257249
1719257249
1719257249
1719257249
1719257249
1719257249
1719257249
1719257249
1719257249
1719257249
1719257249
1719257249
1719257249
1719257249
1719257251
1719257251
1719257251
1719257252
1719257253
1719257256
1719257256
1719257258
1719257290
1719257291
1719257297
1719257297
1719257329
1719257329
1719257331
1719257332
1719257333
1719257333
1719275316
1719275316
1719275316
1719275316
1719275316
1719275316
1719275316
1719275316
1719275316
1719275316
1719275316
1719275316
1719275316
1719275316
1719275316
1719275316
1719275316
1719275316
1719275316
1719275316
1719275316
1719275316
1719275316
1719275316
1719275316
1719275316
1719275317
1719275316
1719275317
1719275317
1719275316
1719275318
1719275317
1719275316
1719275318
1719275318
1719275316
1719275318
1719275318
1719275318
1719275318
1719275318
1719275318
1719275318
1719275318
1719275318
1719275318
1719275318
1719275318
1719275318
1719275320
1719275320
1719275320
1719275320
1719275320
1719275320
1719275320
1719275320
1719275320
1719275322
1719275322
1719275322
1719275322
1719275322
1719275322
1719275322
1719275322
1719275322
1719275322
1719275322
1719275322
1719275322
1719275322
1719275322
1719275322
1719275322
1719275322
1719275322
1719275322
1719275322
1719275322
1719275322
1719275322
1719275322
1719275322
1719275322
1719275322
1719275322
1719275322
1719275322
1719275322
1719275322
1719275322
1719275322
1719275322
1719275322
1719275322
1719275323
1719275322
1719275322
1719275322
1719275323
1719275322
1719275322
1719275323
1719275323
1719275322
1719275322
1719275323
1719275323
1719275322
1719275322
1719275323
1719275323
1719275322
1719275322
1719275323
1719275322
1719275322
1719275323
1719275322
1719275323
1719275324
1719275323
1719275324
1719275323
1719275324
1719275323
1719275324
1719275323
1719275325
1719275325
1719275325
1719275325
1719275341
1719275342
1719275342
1719275342
1719275342
1719275342
1719275342
1719275343
1719275343
1719275343
1719275343
1719275343
1719275343
1719275343
1719275343
1719275343
1719294913
1719294913
1719294913
1719294913
1719294913
1719294913
1719294913
1719294913
1719294913
1719294913
1719294913
1719294913
1719294913
1719294913
1719294913
1719294913
1719294913
1719294913
1719294913
1719294913
1719294913
1719294913
1719294913
1719294913
1719294913
1719294913
1719294913
1719294913
1719294913
1719294913
1719294913
1719294913
1719294913
1719294913
1719294913
1719294913
1719294913
1719294913
1719294913
1719294913
1719294913
1719294913
1719294913
1719294913
1719294913
1719294913
1719294914
1719294914
1719294914
1719294914
1719294914
1719294914
1719294914
1719294914
1719294914
1719294914
1719294914
1719294914
1719294914
1719294914
1719294914
1719294914
1719294914
1719294914
1719294914
1719294914
1719294914
1719294914
1719294914
1719294914
1719294914
1719294914
1719294914
1719294914
1719294914
1719294914
1719294914
1719294914
1719294915
1719294915
1719294916
1719294916
1719294916
1719294916
1719294916
1719294916
1719294916
1719294916
1719294916
1719294917
1719294917
1719294918
1719294918
1719294918
1719294918
1719294918
1719294918
1719294923
1719294923
1719294923
1719294923
1719294923
1719294932
1719294932
1719294933
1719294933
1719294933
1719294934
1719294934
1719294935
1719294935
1719294935
1719294935
1719294935
1719294935
1719294935
1719294935
1719294936
1719294936
1719294936
1719294936
1719294936
1719294936
1719294938
1719294918
1719294918
1719294918
1719294921
1719294918
1719294918
1719294923
1719294923
1719294923
1719294923
1719294923
1719294932
1719294932
1719294933
1719294933
1719294933
1719294934
1719294934
1719294935
1719294935
1719294935
1719294935
1719294935
1719294935
1719294935
1719294935
1719294936
1719294936
1719294936
1719294936
1719294936
1719294936
1719294938
1719294918
1719294918
1719294918
1719294921
1719294918
1719294918
1719294923
1719294923
1719294923
1719294923
1719294923
1719294932
1719294932
1719294933
1719294933
1719294933
1719294934
1719294934
1719294935
1719294935
1719294935
1719294935
1719294935
1719294935
1719294935
1719294935
1719294936
1719294936
1719294936
1719294936
1719294936
1719294936
1719294938
1719294918
1719294918
1719294918
1719294921
1719294918
1719294918
1719294923
1719294923
1719294923
1719294923
1719294923
1719294932
1719294932
1719294933
1719294933
1719294933
1719294934
1719294934
1719294935
1719294935
1719294935
1719294935
1719294935
1719294935
1719294935
1719294935
1719294936
1719294936
1719294936
1719294936
1719294936
1719294936
1719294938
1719294918
1719294918
1719294918
1719294921
1719294918
1719294918
1719294923
1719294923
1719294923
1719294923
1719294923
1719294932
1719294932
1719294933
1719294933
1719294933
1719294934
1719294934
1719294935
1719294935
1719294935
1719294935
1719294935
1719294935
1719294935
1719294935
1719294936
1719294936
1719294936
1719294936
1719294936
1719294936
1719294938
1719294918
1719294918
1719294918
1719294921
1719294918
1719294918
1719294923
1719294923
1719294923
1719294923
1719294923
1719294932
1719294932
1719294933
1719294933
1719294933
1719294934
1719294934
1719294935
1719294935
1719294935
1719294935
1719294935
1719294935
1719294935
1719294935
1719294936
1719294936
1719294936
1719294936
1719294936
1719294936
1719294938
1719294918
1719294918
1719294918
1719294921
1719294918
1719294918
1719294923
1719294923
1719294923
1719294923
1719294923
1719294932
1719294932
1719294933
1719294933
1719294933
1719294934
1719294934
1719294935
1719294935
1719294935
1719294935
1719294935
1719294935
1719294935
1719294935
1719294936
1719294936
1719294936
1719294936
1719294936
1719294936
1719294938
1719294918
1719294918
1719294918
1719294922
1719294918
1719295112
1719294923
1719294925
1719294927
1719294923
1719294923
1719294932
1719294932
1719294933
1719294933
1719294933
1719294934
1719294934
1719294935
1719294935
1719294935
1719294935
1719294935
1719294935
1719294935
1719294935
1719294937
1719294936
1719294936
1719294936
1719294936
1719294936
1719294938
1719294918
1719294918
1719294918
1719295112
1719294918
1719295112
1719294927
1719294925
1719295112
1719294923
1719294923
1719294932
1719294932
1719294933
1719294933
1719294933
1719294934
1719294934
1719294935
1719294935
1719295112
1719294935
1719294935
1719294935
1719294935
1719294935
1719294937
1719294940
1719294936
1719294936
1719294936
1719294936
1719294942
1719294918
1719294918
1719294920
1719295112
1719294918
1719295112
1719295112
1719294925
1719295112
1719295112
1719294923
1719294932
1719294932
1719294933
1719294933
1719294933
1719294934
1719295022
1719294935
1719294935
1719295112
1719294935
1719294935
1719294935
1719294935
1719294935
1719295112
1719295112
1719294936
1719294936
1719294936
1719294936
1719294918
1719294918
1719294920
1719295112
1719294918
1719295112
1719294925
1719295112
1719294923
1719294932
1719294932
1719295112
1719295112
1719294933
1719294934
1719295112
1719294935
1719294935
1719295112
1719294935
1719294935
1719294935
1719294935
1719294935
1719295112
1719295112
1719294936
1719294936
1719294936
1719295112
1719294918
1719294918
1719294920
1719294918
1719295112
1719294925
1719294929
1719294932
1719294933
1719295112
1719294933
1719294934
1719295112
1719294935
1719295112
1719294935
1719295112
1719294935
1719294935
1719294935
1719295112
1719294936
1719294939
1719294936
1719295112
1719295112
1719294923
1719294918
1719294925
1719295112
1719294932
1719295112
1719295112
1719294933
1719294934
1719294939
1719295112
1719294935
1719295112
1719294935
1719295112
1719295112
1719295112
1719295112
1719294936
1719295112
1719295112
1719294923
1719294918
1719294927
1719294932
1719295112
1719294933
1719294935
1719295112
1719295112
1719295112
1719295112
1719294936
1719295112
1719294923
1719294918
1719294927
1719294937
1719294934
1719295112
1719295112
1719295112
1719294936
1719295114
1719295114
1719295114
1719295114
1719295114
1719295115
1719295115
1719295115
1719295115
1719295115
1719295115
1719295115
1719295115
1719295115
1719295115
1719295115
1719295115
1719295115
1719295115
1719295115
1719295115
1719295115
1719295115
1719295115
1719295115
1719295115
1719295115
1719295115
1719295115
1719295115
1719295115
1719295115
1719295115
1719295115
1719295115
1719295115
1719295115
1719295115
1719295115
1719295115
1719295115
1719295115
1719295115
1719295115
1719295115
1719295115
1719295115
1719295115
1719295115
1719295115
1719295115
1719295115
1719295115
1719295115
1719295115
1719295115
1719295117
1719295117
1719295117
1719295117
1719295117
1719347158
1719347158
1719347158
1719347158
1719347158
1719347158
1719347158
1719347158
1719347158
1719347158
1719347158
1719347158
1719347158
1719347158
1719347158
1719347158
1719347158
1719347158
1719347158
1719347158
1719347158
1719347158
1719347158
1719347158
1719347158
1719347158
1719347158
1719347158
1719347158
1719347158
1719347158
1719347158
1719347158
1719347158
1719347158
1719347158
1719347158
1719347158
1719347158
1719347158
1719347158
1719347158
1719347158
1719347158
1719347158
1719347158
1719347158
1719347158
1719347158
1719347158
1719347158
1719347158
1719347158
1719347158
1719347158
1719347158
1719347158
1719347158
1719347158
1719347158
1719347158
1719347158
1719347158
1719347158
1719347158
1719347158
1719347158
1719347158
1719347158
1719347158
1719347158
1719347158
1719347158
1719347158
1719347158
1719347158
1719347158
1719347158
1719347158
1719347158
1719347158
1719347162
1719347163
1719347163
1719347172
1719347172
1719347172
1719347172
1719347172
1719347172
1719347173
1719347174
1719347174
1719347173
1719347174
1719347174
1719347173
1719347174
1719347174
1719347173
1719347174
1719347174
1719347173
1719347174
1719347174
1719347173
1719347174
1719347174
1719347173
1719347174
1719347174
1719347173
1719347174
1719347174
1719347173
1719347174
1719347174
1719347176
1719347174
1719347174
1719347176
1719347174
1719347174
1719347174
1719347174
1719347174
1719347174
1719347174
1719347174
1719347176
1719347176
1719347178
1719347178
1719347185
1719347185
1719347189
1719347189
1719347190
1719347190
1719347190
1719347190
1719347190
1719347190
1719347190
1719347191
1719347189
1719347189
1719347190
1719347190
1719347190
1719347190
1719347190
1719347190
1719347190
1719347191
1719347189
1719347189
1719347190
1719347190
1719347190
1719347190
1719347190
1719347190
1719347190
1719347191
1719347189
1719347189
1719347190
1719347190
1719347190
1719347190
1719347190
1719347190
1719347190
1719347191
1719347189
1719347189
1719347190
1719347190
1719347190
1719347190
1719347190
1719347190
1719347190
1719347191
1719347189
1719347189
1719347190
1719347190
1719347190
1719347190
1719347190
1719347190
1719347190
1719347191
1719347189
1719347189
1719347190
1719347190
1719347190
1719347190
1719347194
1719347190
1719347190
1719347191
1719347189
1719347189
1719347190
1719347190
1719347190
1719347191
1719347199
1719347190
1719347190
1719347191
1719347189
1719347189
1719347190
1719347190
1719347190
1719347194
1719347199
1719347190
1719347199
1719347191
1719347189
1719347189
1719347190
1719347190
1719347190
1719347199
1719347199
1719347190
1719347199
1719347191
1719347189
1719347189
1719347190
1719347199
1719347190
1719347199
1719347190
1719347199
1719347191
1719347189
1719347189
1719347190
1719347199
1719347190
1719347199
1719347190
1719347199
1719347199
1719347189
1719347189
1719347190
1719347199
1719347190
1719347199
1719347199
1719347199
1719347199
1719347189
1719347189
1719347199
1719347199
1719347190
1719347199
1719347199
1719347199
1719347199
1719347189
1719347202
1719347199
1719347199
1719347199
1719347199
1719347199
1719347199
1719347199
1719429046
1719429046
1719429046
1719429046
1719429046
1719429046
1719429046
1719429046
1719429046
1719429046
1719429046
1719429046
1719429046
1719429046
1719429046
1719429046
1719429046
1719429046
1719429046
1719429046
1719429046
1719429046
1719429046
1719429046
1719429046
1719429046
1719429046
1719429046
1719429046
1719429046
1719429046
1719429046
1719429046
1719429046
1719429046
1719429046
1719429046
1719429046
1719429046
1719429046
1719429046
1719429046
1719429046
1719429046
1719429046
1719429046
1719429046
1719429046
1719429046
1719429046
1719429046
1719429046
1719429046
1719429046
1719429046
1719429046
1719429046
1719429046
1719429046
1719429046
1719429046
1719429046
1719429046
1719429046
1719429046
1719429046
1719429046
1719429046
1719429046
1719429046
1719429046
1719429046
1719429046
1719429046
1719429046
1719429047
1719429047
1719429047
1719429047
1719429047
1719429047
1719429047
1719429047
1719429047
1719429047
1719429047
1719429047
1719429047
1719429047
1719429047
1719429048
1719429048
1719429048
1719429048
1719429048
1719429048
1719429048
1719429048
1719429048
1719429048
1719429048
1719429048
1719429048
1719429048
1719429048
1719429048
1719429048
1719429048
1719429048
1719429048
1719429048
1719429048
1719429048
1719429048
1719429048
1719429048
1719429048
1719429048
1719429048
1719429048
1719429048
1719429048
1719429048
1719429048
1719429048
1719429048
1719429048
1719429048
1719429048
1719429051
1719429051
1719429052
1719429053
1719429075
1719429075
1719429077
1719429077
1719429077
1719429077
1719429077
1719429077
1719429077
1719429077
1719429077
1719429077
1719429077
1719429077
1719429077
1719429077
1719429077
